9201
4078
6958
3055
1312
7765
9231
402
5172
7084
2317
3667
3721
972
1469
2104
5143
483
8024
2248
6164
4975
5583
551
3100
5993
7360
2158
8432
456
6754
2401
4241
7037
6541
5690
2856
1131
9595
4055
3492
7865
1849
7923
7291
4137
8650
6428
2971
5948
7703
1645
2939
3907
5226
5077
54
480
3248
3255
9932
9075
8354
4656
5331
4670
3784
9920
5435
7490
4529
8328
9683
8688
5948
4448
2860
176
6306
4060
2730
8372
1521
6732
4621
3341
2746
1531
7204
4021
3156
882
579
4146
523
5111
2118
6433
8465
3200
3807
3991
7890
3551
3911
9560
1726
6132
9488
8915
8013
4738
5413
7642
5415
9730
9818
5277
9134
5759
1746
6302
9682
4064
7181
6517
1689
5178
4695
1461
3031
1191
9722
5204
1713
6818
3189
6141
3700
2346
205
8517
1991
9124
4897
5714
9300
3297
373
6998
8072
2806
6152
1451
4130
6735
9490
4905
4519
9290
8802
4528
1653
4229
9271
8965
8505
9879
5876
6129
880
6337
7136
5583
8956
749
7495
5028
9937
7413
3504
2453
4067
7084
6906
7738
2935
8940
5790
4801
7485
4763
7952
984
3707
9891
8115
3915
7636
4123
2595
5628
3033
1417
4637
4581
9384
6106
181
3656
5837
426
1093
6481
2298
6844
3988
4787
3846
6530
5100
8268
7887
3231
9474
8989
1868
4688
9024
6230
378
9621
25
7864
9492
6810
4006
3251
2936
154
65
2351
4641
4171
9701
3834
5355
3362
281
2538
6606
8188
1886
2646
7309
9515
1918
3573
3297
763
3608
8256
5394
3679
5538
1254
5479
1283
3889
702
5422
2654
5378
3879
7413
9905
1015
9251
2839
1873
1361
3223
6828
5887
843
2015
9293
5928
35
7101
790
4162
353
6791
1977
9051
6652
1862
3625
9002
1273
4915
1528
1327
7441
2553
6248
8581
5839
2259
5842
1653
6547
5618
208
1473
4966
6469
5777
6497
8350
9018
6699
6509
7924
9253
1351
9007
4169
6698
5402
2809
2405
2448
1800
9140
3232
7762
2149
1170
162
2930
3820
1693
3582
5543
7911
4739
4730
6573
1222
4687
3845
2276
2936
6545
4999
8086
3813
1392
4860
6218
1553
649
6545
6307
7
3894
7271
9306
5280
4084
5110
7420
8996
1729
1494
907
6081
2427
3518
7925
2928
4567
5131
1645
7115
3960
1682
3217
4745
8535
6844
3914
3395
161
1414
3730
7191
4025
6506
2345
3661
8029
4469
212
3070
9308
7613
9684
4188
2250
4813
7166
2192
2423
7028
2994
2763
2944
9921
3263
6271
9382
2063
5487
7290
2198
9843
8672
1358
9886
6906
3369
3660
9248
6332
7643
2026
4441
6727
8376
9124
433
4488
6930
9191
2659
8374
5535
8271
3369
5859
1816
5230
8687
1329
8830
2091
9413
7591
5740
1038
5678
1127
4773
3408
6824
1459
1625
9743
2006
8770
4633
4440
9348
5365
4352
6875
5859
4870
7503
2181
2244
2624
3498
7852
3663
4471
6
7983
8192
6284
3598
545
7948
2058
1350
411
7201
8711
7408
4643
712
6117
7186
9141
449
6153
6554
1174
5406
4728
3699
2171
4484
8922
8907
6079
8567
985
1816
4658
296
1872
2756
1756
4326
6278
2421
6961
9516
100
8280
1988
2864
1131
9073
5240
3042
6474
6722
9077
5703
9205
4263
4976
2060
3573
8902
931
2469
6407
6796
5349
832
8430
5184
2767
5855
5542
7116
1918
2530
6220
120
4733
245
5496
8664
4669
6016
4612
1982
9853
7276
4607
6391
372
1116
83
9540
610
8922
8709
4217
9715
7809
3610
181
6895
9205
526
2383
8334
2720
2800
2292
5458
5194
6207
8852
8442
858
8393
3300
8981
2814
3149
4631
2794
663
7799
2231
7496
4825
2114
1739
9194
7482
3211
6111
2644
4176
2991
4000
7560
4767
5258
7937
671
4193
7175
1547
2577
4716
1093
933
3176
5552
427
4698
821
8771
2949
2342
9175
8933
7606
1012
2012
4046
485
4929
3017
5295
3802
3408
3990
478
5862
7189
4384
7665
2413
7300
2417
4361
9685
1053
9242
5955
5236
2461
6036
1801
102
6799
9937
9666
9523
2784
862
827
2746
3786
9669
700
2588
2081
7839
7845
820
1088
4467
8608
26
5172
938
1572
167
5143
3353
6571
9069
8878
5135
9401
4269
7318
7303
5490
4909
5457
2143
8643
1715
51
5046
1782
258
376
5356
8824
6753
2238
3462
3967
5523
250
4791
2860
2191
1645
3488
1757
5789
8972
4281
8509
1018
1954
4252
9122
8707
7702
3719
4634
985
8772
8245
5567
9455
3240
7753
5940
472
3520
3866
363
3132
8007
5499
477
3505
8920
8763
4499
7679
7314
7212
6298
5933
5745
4401
1968
5882
7464
2165
6982
9355
3387
5930
2390
9804
7382
8953
2292
6496
2072
7281
8557
3105
3244
2572
8506
8771
3965
7088
9854
5303
3572
1081
6284
8026
5516
9897
8773
9749
1558
6790
4431
7731
2600
8265
5302
9500
4885
2907
8990
4334
443
2311
8563
5960
2701
3600
3804
6910
9412
1992
1944
1697
5109
4884
1014
3217
2262
1372
513
8188
7137
9724
9608
6663
5410
2338
8580
8173
4820
8980
3323
3212
6019
3851
39
1252
4276
1996
7312
9857
4509
9961
2199
5497
5068
9561
2646
5584
8804
1505
2261
1468
440
9515
1626
6884
1069
6734
4119
6215
6306
4757
8344
5863
4170
2029
3388
8744
2815
5838
1501
2743
1960
5641
9415
4468
4831
9924
248
3287
6247
2113
8396
59
4088
3036
7662
6209
9034
3103
2748
7264
4609
4851
7204
1854
702
6239
2892
2672
2168
5970
2338
9958
7527
6711
7783
8131
8385
1555
511
6558
729
8173
7184
2707
3242
4769
8151
2426
1897
6334
6348
927
6924
2449
4000
985
1041
3161
6068
7021
723
2267
1790
3636
6255
8893
7527
2409
777
8273
5096
2361
4401
2537
40
4518
2477
5222
3597
1656
3488
4620
3412
3764
6249
7698
2796
5103
9184
360
8670
5507
9293
1712
4966
7268
5011
7723
8316
5251
6755
3665
6272
1587
1806
2428
1233
4727
5446
2972
5748
582
8626
947
3723
4465
4680
3613
9439
7873
4919
2548
6909
659
5095
5891
2353
4629
2434
7513
5121
2263
7845
3048
45
8257
2705
8874
5772
7597
493
8788
5932
2067
3153
8980
8562
616
9217
6131
9797
1560
6997
2819
3755
2077
6770
1217
2252
5027
8437
3893
7726
7697
7103
8165
227
4681
2142
7372
931
1909
7714
5605
7901
1161
4150
3306
2701
5076
4959
3912
5557
7801
6817
8963
9128
5421
2348
5982
4422
660
8170
9216
8853
7365
5996
7814
3734
5077
3892
8992
4685
2882
8433
6516
8120
8052
3758
6033
5159
6733
2900
6516
7513
790
2256
7879
1
9534
9663
2438
1443
4969
4728
2225
9877
7470
8056
6861
4936
2638
4306
3211
4105
7526
4528
1036
1609
2265
3738
8203
7656
3797
4410
6831
3034
7535
9813
4336
1164
601
8521
9521
4257
6639
2988
1014
2252
1064
3625
2712
5583
7016
4222
4508
5970
5132
839
1295
7601
983
1977
1271
492
1866
6853
7772
4664
2255
9492
9564
93
8835
1176
657
8410
6312
7739
6605
1260
2741
8600
8290
2157
572
6562
5954
7109
7261
5179
7142
6400
2908
2481
3658
1751
288
1662
9985
6500
3129
6697
3488
8368
799
9800
9291
4520
4287
9512
9543
5951
3157
6410
7110
2029
6247
9706
7288
4627
8739
9131
8021
1259
1775
3004
1327
6601
7382
5323
9495
9205
6392
6550
7035
9227
9872
5807
3319
1540
8166
9157
8225
9256
7009
6879
6231
4940
9301
5161
3902
717
9938
3291
8861
4886
1476
4053
8699
898
6789
3804
6187
3615
2754
5760
3225
2015
5651
9048
5384
5498
4387
5586
3204
2693
1732
1445
2443
3921
6277
1678
5779
2809
3395
4560
3501
609
3743
2631
3729
2120
5740
84
5545
9454
4129
1669
9751
6659
4486
8720
3099
5579
7783
9388
8420
7798
6066
4416
3358
111
3567
6758
7235
1669
736
8538
1989
123
4901
5316
8045
9829
6165
8558
1111
8089
434
3653
3994
1844
1765
2910
5747
3034
4467
8623
9507
4613
993
6399
1401
5922
6142
2696
858
9895
2260
4931
7212
3957
3733
7854
5647
3468
3711
5916
6144
1072
9505
2689
2505
14
1867
2078
4098
5826
7588
8703
62
8122
5601
8690
9556
6114
3450
2272
2250
5664
8374
3695
359
6740
8158
5176
3010
8751
2753
5873
3964
1902
7130
2933
5981
7864
8504
8021
2924
5422
1818
5382
3832
4614
6197
4721
2011
8732
6163
3088
2631
8800
4440
778
3709
9149
6286
1065
4568
1501
3967
6134
9526
7203
1892
4010
4434
5239
7912
3329
9454
8515
3254
1623
9658
7825
6293
5082
6181
4417
9577
937
2969
6242
3026
4606
2325
8503
4481
3392
3089
2159
4083
4256
885
6720
4396
3306
5278
5785
6292
1794
5128
7211
4184
676
4510
6983
2193
6564
4041
1555
5856
8501
3320
4656
4101
7265
9905
3621
8242
6311
4056
5192
5967
6039
2239
8881
3331
9884
1700
7405
6423
7489
2939
2928
1541
9672
9135
4493
9405
5303
6167
9092
6189
693
8419
4849
1594
4847
3548
1513
3508
8115
7669
916
7937
3365
1007
42
911
5648
5644
9546
4925
7447
3329
7098
356
2820
767
5597
7954
9184
4990
2249
2197
3031
3279
1573
7090
63
8350
3819
1494
6861
9028
6418
8101
8540
4837
9640
1383
5317
8709
9378
4042
8426
4965
6662
537
5532
511
1384
8264
5363
3580
187
8026
8863
7233
9574
5717
8129
8953
8116
751
9363
7953
8130
9060
6759
6110
8198
8015
6668
823
5376
5916
8154
7826
759
9702
8480
8255
9421
6751
564
9943
1668
1015
5980
4153
6197
2438
380
6278
1786
9845
1399
5470
3657
2055
537
1752
8645
4397
3614
3180
8026
2796
5702
3512
3805
7505
907
3071
778
2935
5818
1118
6208
9346
395
9845
2653
5044
662
5369
9602
4809
149
1852
7500
530
9103
6799
8126
3191
3824
34
4936
1772
3368
5240
9667
1595
8398
872
2906
6192
8421
9151
4495
4003
6394
9022
9265
8422
8438
6923
1703
7303
3665
4386
1532
1272
5558
2341
2087
2505
6273
5482
9169
309
678
3689
1481
3989
8492
5784
2493
8888
8757
9147
4252
5549
7895
6136
5292
9910
5501
7775
2315
7465
8122
181
5793
1600
9166
8637
3144
501
6148
6004
8029
3015
5922
8947
7119
9846
5579
2797
541
9628
8968
2679
4251
4894
6459
2266
5794
119
7603
6323
7319
9183
2648
9982
2282
4369
9336
4731
2575
2766
95
4265
2964
4457
2708
9844
9877
5318
9
7892
6410
502
9050
1042
8826
4770
5643
2730
3474
5122
6489
2502
9675
4976
1979
6763
5183
1709
8959
7240
1767
4709
9347
6246
7572
7275
914
2561
9190
8792
6844
1138
5300
63
968
5578
2387
3691
7931
2220
6862
5730
535
5680
6093
7565
2429
1403
2198
3084
4297
9875
1893
4339
1919
1136
6233
7482
3172
7267
751
2390
2354
3329
457
7832
8637
1599
7452
469
8665
3932
7331
5893
4223
3261
4698
9986
6219
5519
6619
6517
3392
9329
5539
8562
9914
1892
2902
5727
1730
8877
613
7585
2882
5269
9992
8721
1627
7663
4979
461
4098
9855
679
6446
8032
1855
2524
3090
6437
2535
3593
974
5401
9793
5512
8733
774
9100
6792
1380
4040
4519
4967
9332
5695
9027
3072
3880
1844
4374
144
3843
1732
8811
8378
5299
6797
483
4432
8179
3106
3275
4064
5188
9117
9387
4267
7487
7728
7790
2777
1323
2045
9970
6565
2134
9250
3859
9306
3466
3751
6821
3494
8460
5685
2853
8769
8155
3065
2419
5908
1640
5413
4624
3791
651
3062
4320
6654
4252
4225
2962
5933
5208
6279
7084
1800
7177
8248
6015
3926
368
5762
6848
2911
2982
2496
3488
5920
5083
418
4476
9402
3565
6157
3652
9957
2357
7698
9328
3706
7962
4784
9618
2589
616
1055
9344
3508
724
2244
7365
2956
8961
6116
38
9533
7354
4021
1150
1407
7907
4217
9772
2238
8728
693
2684
4367
9733
8130
9828
6336
9168
30
1668
1166
5915
132
3799
592
424
7391
3800
7361
9080
9250
34
5712
1151
3411
346
4502
1367
1698
4771
3779
8825
5178
4408
1227
7925
5672
6644
4559
3524
3327
1924
9032
8151
1276
7712
2616
3183
4026
4136
5616
7248
5510
1333
6794
9245
6347
9600
5475
2259
3313
1778
5366
1729
6968
2540
2936
525
8290
974
6664
439
2098
9806
5705
3264
3053
4989
1917
1765
7620
7013
6985
1794
4632
5022
7297
7576
8745
8660
2013
8827
3004
8832
7246
7471
7928
442
730
114
7329
6420
6588
8641
8252
4222
4300
4721
7945
93
7359
608
1417
9363
4113
6464
2540
9480
2714
2272
4659
6210
7819
7857
530
6088
8392
5270
4114
7857
1917
417
8891
8950
9488
3719
4001
7578
3545
2669
9661
1745
9844
3685
2435
7474
5544
3691
3966
7700
6643
1643
1015
2252
1191
5444
491
8493
1517
5823
5191
3433
1963
5193
5641
9251
7928
3505
8562
4952
9217
7114
7521
1350
3645
2820
7419
2778
3588
8683
5703
7882
1120
6400
604
4403
7687
4183
7715
5132
541
4433
859
4135
3291
819
2814
6693
1312
6498
8060
5959
7592
7697
8460
9352
1693
2398
4351
616
5133
9084
7690
8276
3407
8137
5588
3432
9453
4635
4463
5504
3437
2117
6711
790
4719
2266
2994
7293
6072
9308
2888
919
1106
2530
9260
5043
3893
1353
2909
3814
7712
5756
8035
458
8820
295
4592
9428
1855
3528
628
388
3440
4332
6536
3074
3207
3233
263
7070
100
2128
5641
1627
5947
9314
1384
8931
8343
4605
524
7174
3899
6291
5565
3649
5065
5581
6372
7879
2104
800
8212
4097
469
5373
6000
8587
1942
9652
3358
5401
6426
6080
4403
6175
9334
744
5838
7190
7107
9631
4147
4072
2020
2237
6575
7466
4630
7219
3820
5380
8748
9962
9917
4349
9802
5280
6517
7185
6350
1004
3549
2179
7267
1124
2510
9254
7492
1177
9966
8549
6636
9074
7694
6552
6519
5792
1492
2723
3807
7064
8482
3019
2562
6708
8419
7399
6873
4776
4655
9847
5383
5927
2033
4905
9118
1265
7779
7129
7416
5054
7465
3039
6261
2976
5974
7772
3740
6539
8373
1559
8872
4985
3614
8049
5650
8819
8872
140
7343
263
2600
4968
3808
3634
6303
6374
246
5399
3700
8399
6840
3892
1784
8680
7296
676
5081
8510
2290
8668
6544
781
6724
1162
9693
8277
9296
8187
4511
8235
7304
83
4539
1985
427
961
364
2951
9537
2698
6235
3705
9028
2731
4457
6926
8411
9081
6198
3413
2148
4511
3251
7333
4257
2802
2174
3671
6275
5229
4766
1026
4406
9173
8698
1674
8739
8471
173
2950
951
7353
485
6978
914
3211
9521
5223
2418
3339
4561
8598
8515
7947
5370
4010
9069
8107
4069
2523
5215
5892
4502
2327
8076
2618
7687
5276
4736
5985
7672
1462
692
4255
3417
4768
4948
8298
5173
8259
22
2873
4015
7166
9684
1761
1037
8805
1181
4563
748
2949
145
5898
5703
3052
6683
5400
4158
951
1612
1363
9372
4938
7978
731
2178
1444
8965
563
1746
6878
1534
5047
1330
9868
1204
376
6042
7049
660
8392
238
4740
3579
2308
6106
1377
5737
8801
1014
5023
2149
3128
8469
2216
8264
9882
3187
7810
1956
6352
2851
2545
6076
3325
102
581
9332
3761
3460
3115
3646
4578
8369
2823
4442
6573
7056
682
9820
1732
1092
7766
627
700
7877
6458
600
7508
9895
4029
3829
3083
1676
9074
4503
9095
9515
1390
9603
2417
4483
8687
8236
7444
2887
3096
3037
7529
6574
644
6544
9102
6069
1584
2572
3067
4758
1496
4740
3853
89
7301
507
809
9563
6394
5573
5980
9271
8438
4574
7380
5391
9352
8520
1796
3893
761
792
5448
3657
2846
1009
6958
143
66
8507
8774
9126
5679
1005
864
725
6970
8764
9686
7701
3844
8441
1775
3896
2874
4680
2454
3100
2411
1921
6801
7464
5632
6404
7705
6726
6161
6349
8274
3380
6577
1452
8726
848
1461
9659
2186
2483
7223
3749
650
9111
894
905
9203
9114
9309
2181
3460
7844
7179
3301
9748
3341
9057
4972
6019
6510
8082
6189
797
9445
8513
7433
5485
8960
7094
9706
9141
8748
7420
3457
321
4488
9682
2264
6906
6078
7845
9079
5597
3228
4216
7995
4609
8807
8699
9345
2607
9423
8978
3411
9672
3299
1790
4026
8438
8172
7605
5233
5752
4272
9395
8569
9100
7751
724
9851
7021
4280
4462
5402
9355
3860
701
1876
8643
5853
6928
9505
1597
9660
6140
5754
3872
3500
198
842
5379
6789
386
823
9561
2607
4221
5042
748
6164
8763
6885
5537
4459
5517
6104
3350
7178
3010
8976
8061
4204
5139
2079
8397
1608
6620
3207
5910
4053
1755
1437
5872
4696
9207
7938
852
8027
6247
8470
3339
2653
999
3435
2601
94
1251
1783
2743
910
8932
787
4639
5382
2077
2498
5073
4620
39
5974
7490
2533
1401
8955
3394
8794
2403
3464
7933
9500
5323
2716
6133
5421
7111
9
8169
7161
4643
1795
1817
752
7215
5992
2053
4404
9657
7633
1666
2747
7116
7615
2677
1750
8506
6371
2467
4527
2810
8876
9776
998
5667
3933
525
9860
1769
5000
5657
5386
4217
2098
1874
1259
1877
7639
7628
541
2383
1612
5910
6600
2561
3944
8589
1971
6946
2416
9440
8127
511
3923
8981
8297
7278
5521
9491
4356
7139
6254
7995
5526
8792
2646
3547
4492
891
9770
4413
8093
5294
6645
9956
4146
20
4717
3074
586
2213
1752
8539
6198
9737
9896
8433
6122
317
1987
5194
333
2706
9194
7852
4862
992
248
4455
2508
7269
3375
4336
3528
9510
7415
6663
1686
9962
34
791
1262
5275
7686
9410
6181
9253
4097
2029
567
9104
8829
8877
7643
5800
7500
4115
4026
8191
2436
7634
8981
4105
1198
4937
1761
6192
1989
127
652
4458
124
8862
5662
9305
6309
4189
3879
9231
4138
1959
9219
1505
5521
7733
8128
8339
459
8817
9531
8551
8651
7905
4734
1003
3618
9556
7417
2062
9050
9917
6610
7187
2339
5652
8064
5381
1039
5596
7796
4894
8751
7345
2008
7758
517
1826
173
6762
7068
7722
657
4991
9771
6437
8874
2854
8853
7877
6468
2633
2594
6490
10000
9390
5149
9732
4021
1480
6622
9201
5461
6958
3454
6047
3679
4462
1728
9680
7610
8676
9812
2287
1494
9221
9499
2697
3639
8076
391
5492
5253
4451
8919
2666
8154
4843
4515
6297
1762
3575
3340
4371
4852
5385
2022
80
9082
1186
7037
8624
5477
7409
5852
2128
1080
3521
1780
5188
3134
5875
4611
8536
7017
4407
9484
2637
8914
4243
6764
7594
3710
5809
5694
7478
2412
5788
6073
9194
5500
4313
6018
2770
7998
5077
2713
8569
2275
1079
854
298
2310
1677
5101
5421
6671
3222
6312
5063
4637
3262
7529
9109
687
8742
4267
8760
372
5585
9714
7473
4474
9939
9025
5046
4405
8902
7109
8472
2706
1697
328
3003
2988
5033
2267
2587
9886
4546
3402
8388
824
6764
1742
6444
1234
6276
7911
9797
2513
1517
3476
6610
8584
3793
8568
6956
9520
8567
2475
1841
3932
1296
9785
3148
3322
5897
5549
5912
4755
6933
7766
9879
582
3995
4003
8428
816
752
5024
1471
3206
9867
3701
5242
8466
9810
3195
4394
1744
3947
8550
7549
9227
7112
1241
285
5298
7549
9336
9619
7027
5906
6160
4328
1240
6408
6129
4831
3193
6664
3349
3989
6159
9663
3875
9524
2685
5960
8381
9793
7612
6972
8457
3356
6165
1483
5584
2833
3377
2349
6824
7664
1531
7404
7569
5997
647
3375
8902
1956
966
4995
8367
5688
9782
7168
1255
8299
4120
1173
8251
3512
4730
2608
6821
7809
8305
7617
2489
8990
8344
493
626
7920
1585
7275
9816
8085
8459
9488
6713
1652
786
2754
9650
5057
4436
5045
6539
2921
2888
3722
8170
7969
1154
4408
95
9846
2338
2395
1460
6555
9567
9341
8005
9253
7386
1510
2709
5
7707
2238
7696
6904
7663
92
9943
1194
8175
4344
8263
2049
3870
2386
2583
2453
2494
9725
1735
3136
8345
9646
1590
3558
5280
6784
657
5699
6663
3271
9005
842
579
505
1447
1611
4047
3282
7948
6213
7169
5635
5162
2609
4039
4099
3467
5428
8297
9819
8259
8558
3537
9760
3241
8904
1327
4236
2581
5425
9024
8771
5722
264
8153
4010
3456
4772
9010
8553
2784
9424
1380
5408
551
2075
5495
6857
2685
302
9481
2286
6904
8659
3898
5787
417
8882
5344
3240
1800
9653
2853
9599
4926
2111
6361
2242
8997
2165
3222
3818
5071
1289
564
4080
7609
7242
4210
8420
9258
6894
5458
2824
3838
1828
3325
6097
3500
3330
9121
8874
1922
253
1224
2331
4437
9871
7077
5183
8247
7068
3594
2911
8011
8726
7106
2282
142
6292
6
9473
2583
1073
4347
9688
6331
3398
9317
67
2625
4451
4944
4634
5556
1795
2650
1134
242
2855
9892
5562
1527
1989
8728
1983
7937
8493
2777
3600
2400
990
5813
5507
501
7287
6001
1684
5908
1961
4033
4874
9991
102
6097
7380
9075
3605
2349
2345
2837
1101
4472
6690
3921
1375
1340
6486
3032
7785
1608
8906
3934
8500
476
305
667
8600
432
5718
6188
2621
6224
221
1319
9651
4540
3083
7534
6695
1637
1104
4324
4674
8320
1474
7043
4684
3450
4653
2338
4612
9505
1162
5352
6596
6208
3663
3872
946
329
4690
3092
4940
9051
6223
105
3541
7779
4321
3845
8382
1141
4252
4238
5506
7929
1011
9115
580
3324
627
524
497
1159
8001
8845
6338
4112
816
8119
3166
7038
7645
8246
8445
4314
3861
6746
8513
1524
3235
9048
689
1719
5228
6074
9261
2050
5905
4472
6996
9616
1490
2251
2157
1077
7649
2857
8935
8513
2792
1401
3685
512
9541
7314
4795
8296
2987
4286
7336
5017
5164
2352
2571
3993
4369
1846
1346
3515
3487
6882
3032
3646
7443
8785
4345
9672
6180
8283
1160
8626
1473
9439
6512
4039
2306
820
792
6388
4801
8588
9061
2820
8382
4084
8149
3690
4514
6122
8503
2499
487
2714
7325
3649
2496
164
6083
4080
1729
3020
2259
8707
467
5144
4451
4218
182
4732
5846
8173
9835
314
5000
8322
398
6430
3811
9535
5656
9789
8511
3194
6849
6042
442
8475
2107
516
3484
1061
8526
1629
7685
6531
9154
2258
5896
268
8804
1308
357
7313
4634
314
6167
8320
8204
7933
9518
3040
4896
4427
4507
7397
4383
8898
4040
5491
5844
1045
3667
222
2712
2418
3138
1297
9858
1279
7671
8541
7765
2515
5492
4428
896
557
3572
3486
1125
9343
7593
137
8348
2730
254
2217
3394
2053
8171
8411
7231
1666
5194
7272
8133
7517
6581
7985
7326
2467
3414
3463
3395
497
5095
2510
3073
3698
9329
7145
2748
5745
4606
7867
2820
5356
5428
1591
2714
9492
7904
8748
8488
3619
2892
90
7439
7839
4692
4500
190
3784
4354
7756
7629
6057
7102
3932
1964
8022
7977
9152
4881
5715
8857
5068
2714
9458
5002
3708
9415
9221
4587
4841
461
231
334
6122
6806
1738
4649
1768
9884
208
9871
191
4978
7190
5871
2679
7940
703
5994
1029
6394
7839
3150
9671
5638
3868
4821
9526
8811
3074
2506
6675
8543
2673
5062
5726
1649
6630
5153
8093
4050
6119
684
7277
2920
816
6758
5395
6518
7557
727
9666
2514
628
6622
1271
5018
2302
1993
1686
7686
4634
3926
5891
6119
8710
5376
3784
3896
794
2146
2921
9129
8241
327
2668
9233
459
843
9872
8033
1592
1945
8428
7413
1350
5475
8218
9951
2551
8677
1016
8778
3822
7796
6865
5348
537
2384
2342
2537
6291
2258
1667
1282
4966
2990
3557
979
5516
3920
126
8963
9817
4401
6321
680
6148
7157
2024
1910
2130
3098
1318
4140
5321
4481
2429
5845
4169
21
1764
4432
3528
3719
346
978
4068
4334
977
7092
4998
1339
4599
1787
986
1334
8447
8350
1655
242
6771
9489
51
8757
2216
8975
4663
998
370
76
9580
7896
1646
4630
7347
9577
4492
6274
7243
3072
2173
2162
82
9111
5471
1620
7065
4521
3604
8790
5453
5893
3874
4306
4867
5493
8049
5050
6970
410
8776
2372
8661
4047
2898
1658
6166
9127
3916
7895
3996
7892
1607
7296
4649
3328
8300
9483
1392
630
444
6674
129
1504
3560
1832
1795
4106
5109
6581
4604
2086
7611
3175
4923
5367
4135
9167
9177
7274
846
153
1845
6491
1684
3469
7290
3907
2834
8173
8167
1423
5728
1785
6158
674
5121
5063
7908
7232
2531
356
4972
5873
3849
1202
9772
4514
7974
794
1677
7552
4711
353
6710
4486
2750
5201
6830
7994
4563
1479
3159
5466
3612
8661
686
5627
9258
112
5611
1735
7501
5843
969
9120
535
2427
6731
372
4807
7486
3233
2422
2505
8364
7796
7443
557
2655
5746
8472
4383
9002
3362
6303
5480
2657
5817
8285
4661
7368
3723
7065
316
1848
2584
1973
4202
3791
1986
7468
6058
973
2316
5614
4828
8375
2998
318
5343
6524
2722
4421
6403
1539
1701
9807
2361
2916
7533
6392
2875
9033
9453
5941
6334
7335
6825
1817
8787
5910
7939
1466
6751
9858
9914
8836
2371
1791
2204
3068
717
3554
3752
1430
4542
9087
6253
7441
6410
4652
8707
7007
8718
6855
1778
1556
4149
6723
9143
6709
3495
3017
4696
8071
8687
8796
2857
289
8502
5907
8117
5238
450
8856
9308
7091
7807
1397
4217
6082
8027
4869
723
2228
1063
6315
8612
1411
1374
5256
8852
9700
3556
435
4635
3186
8104
589
9175
8668
5806
202
8681
8388
4612
1027
3053
1075
6968
3823
3627
6044
3682
1805
2141
6934
4873
7121
8574
3439
6831
4129
5891
2885
2622
1686
9793
5331
4752
868
8134
3557
1237
5644
2138
4903
98
6269
1189
4379
8917
4911
7286
1589
922
9470
3239
2360
3149
6865
3936
698
6484
8270
394
1400
2864
6551
1628
9111
7484
7824
9895
4
2078
9385
2863
5082
438
4881
7433
9320
8605
923
8066
7363
9824
6045
9656
3612
8240
5298
7916
6963
6145
3061
3190
8754
6014
1395
4844
6981
9858
6284
757
46
7545
1185
6791
6769
9417
2528
8864
3306
1103
801
9863
5058
7338
123
7524
556
1021
9036
7091
2957
490
3217
7027
5965
9254
3464
3039
1316
4820
5788
1466
3129
5568
3123
2288
6964
3459
3791
4598
5261
2084
1764
166
8399
6907
2747
8318
9418
9635
435
776
8219
806
8705
8506
2978
9222
1369
8607
5120
834
1901
9096
1599
5876
870
5528
3739
895
5468
7537
4814
138
9894
5946
74
9826
6315
4040
7920
2599
9843
9528
478
683
8463
4844
5919
1834
2181
2194
4661
7934
3233
3725
6771
3463
32
56
8487
3166
4681
492
8823
9357
6663
4480
6134
4867
9964
8225
5373
8714
112
2412
7648
8846
5754
8300
6223
3215
6337
9800
2926
4117
6039
3545
2836
9677
2455
4099
6012
7795
4264
2738
2361
889
677
4666
6421
1031
7672
719
7761
4648
418
8157
468
4098
1737
6720
2726
3727
8372
2437
9572
9497
618
5581
7855
9108
4605
8211
3754
5763
35
8881
7062
5315
6036
3733
3360
7387
5733
8444
2966
5645
6704
1725
90
4641
602
7691
8928
7060
4713
9829
5789
1833
5167
2997
6611
3827
1085
2277
2413
3291
7024
3432
8117
933
5752
4233
9862
1157
2542
737
9365
7552
96
6617
86
3666
2663
7146
9160
5094
6397
5128
6912
7431
2587
6852
1957
5272
3128
3698
379
6781
8393
4417
3152
2768
4571
5962
247
9898
4328
5000
6277
9842
8855
6757
1750
9450
3810
6456
1722
7179
7829
4699
5788
4982
4271
5114
7221
2084
5651
6155
1814
3979
8232
1440
5091
6216
3656
659
4120
5076
2530
7014
4398
2682
2537
4140
5263
1368
7030
4450
4181
3534
5043
723
7647
10
4481
4257
270
6892
8876
171
3055
1428
4987
1149
5513
2148
2809
4985
4415
1896
9456
9225
5707
8542
9169
2225
6213
5869
7965
1630
2121
2780
1690
2984
576
4189
3980
5973
8836
7411
8699
3375
1376
5822
4162
2656
7253
1314
3187
7777
7912
5832
483
1648
5960
9768
6353
950
99
6326
8835
462
8438
7409
7209
207
2883
8951
491
6286
9794
1854
3948
1207
8814
6777
2988
2229
6539
2701
4244
452
2769
3887
4101
6419
9981
6411
1198
6162
6461
407
3230
8300
9766
7523
9085
5033
2383
2066
2141
6536
8555
3647
1296
7152
2545
7285
5401
1538
2507
4560
8788
1714
1051
2297
2341
8507
8491
4717
4706
2969
3074
7322
6975
2239
1012
5864
8166
9238
5799
3355
8356
4800
5877
3177
5339
6956
5074
2620
9146
5672
5137
8226
1435
9456
9922
1548
8882
7092
8532
4242
2139
6903
4569
7687
3577
886
6691
429
9267
5292
4905
7606
4338
1831
9752
8724
3026
5237
7973
1957
5835
7127
9133
1856
4993
453
1485
4022
4177
1344
5414
9770
1419
2853
8386
2219
422
4915
361
7917
9219
3416
4165
8003
6965
3535
5731
2640
3594
8618
8072
6930
6921
1821
728
8582
7744
8121
2189
5842
7930
7510
9905
5995
3158
8835
4732
7040
3946
2557
9357
4595
2023
6236
2604
2754
4724
8999
2345
8892
3148
8199
3272
619
7338
142
3675
6880
7359
9153
8155
7965
1375
9409
853
6155
7009
7694
6983
898
6501
4922
1368
9885
303
4397
7608
7015
4502
9691
9556
952
579
4767
8426
4973
7136
7912
1812
6232
9581
5989
2442
4343
9621
6944
6028
5303
3048
143
393
6158
445
4134
4406
8535
9549
2489
8691
7833
4475
8737
2743
8482
871
1600
6009
8082
7402
3706
568
9770
1874
6055
8786
9147
6306
8303
653
5609
8151
4388
8073
4429
7820
2836
9873
5598
1218
7254
7670
6608
558
339
2464
7227
1722
6018
2531
5051
4168
8972
5100
1007
6141
7380
2803
6195
9735
9454
474
9220
2690
9173
104
8045
2347
5477
7504
570
4118
2622
9143
2574
1775
2388
5236
496
2073
9990
1646
9840
6560
6116
386
1005
3380
6651
3436
3687
6249
1522
9710
1764
7308
3820
5815
5313
4083
6427
4910
3065
6432
1227
8998
9787
9867
6464
5724
9893
7635
5341
6704
1047
1653
7164
425
2778
6779
2714
2136
333
9138
1733
464
7343
7756
8166
1713
9594
2705
5281
1026
3728
6371
2338
8334
6633
7376
93
2200
7357
566
9798
7369
7147
3808
5354
1380
3233
5804
666
2741
562
6987
8088
4566
6162
9528
527
9770
9353
5578
6233
3414
6414
7871
1953
3781
7729
6345
5323
2447
4744
3592
5815
491
5113
5783
4177
6464
3261
7414
2570
395
7150
8782
8881
2907
3412
8072
8422
4833
3554
2442
9115
1038
8576
6042
8911
6013
1622
4231
7745
6154
4757
7243
5479
377
1987
1763
695
7154
9091
9260
1141
7935
225
942
1299
1506
7904
2728
9954
636
516
5826
4741
9413
9631
3822
1118
9864
9872
2791
9559
9708
4595
2170
8380
7210
203
5856
894
3864
5707
8334
8125
4577
5105
172
700
5649
7103
4464
1015
3778
9422
2416
2376
2647
7630
3190
3757
7719
6450
7598
6458
301
206
3963
2650
7857
6499
4937
5488
6290
3805
9619
1477
4729
6009
5615
2748
9758
5012
965
9746
8412
9839
5045
4143
1287
5325
1480
575
2215
3378
8775
1199
1225
7697
5051
526
2384
2772
2901
4735
1977
9070
1137
8947
200
4230
7048
199
2443
4505
5782
857
7162
7419
7439
7309
3383
603
6809
1147
8739
7242
4112
9102
9996
6875
4020
2082
4287
8894
8704
3665
2153
1900
3430
3881
1331
3546
8681
1314
3461
8660
4060
5231
7248
6082
1611
9586
4276
7514
1965
7136
6207
8462
3163
4966
5495
613
3686
5395
3123
8042
7313
3608
2765
7729
7282
2660
5159
4521
8385
3065
4272
1646
695
9983
4195
2430
2006
3921
1883
2108
564
1569
8241
8470
6718
9894
4427
3571
4453
9775
8570
5530
4478
403
603
6433
4419
9349
8378
5406
3583
6536
3890
1227
6561
5387
711
9839
1519
1977
6005
4195
1529
9216
4892
3624
6322
2519
1374
9050
7031
2982
3142
2747
7871
5106
5765
518
6242
5164
5526
12
8948
1963
6236
9404
6640
8997
5825
2520
749
423
4022
169
5160
4842
5400
6462
2987
4097
1131
8624
3543
210
9173
8660
2463
1834
5070
2232
2848
332
7875
5802
1598
5050
5582
1275
6815
9061
7448
6094
7007
1320
185
879
9572
2982
3767
206
7944
8759
638
8939
6247
8272
2817
3688
346
2586
4642
7339
3622
5758
7303
6504
8748
5262
464
4614
1784
2770
169
1632
3709
1975
3904
7252
5507
329
8123
447
5208
9843
6858
1183
3335
5270
656
1632
6047
9761
6642
1900
619
6400
8752
6375
252
3360
1059
8676
4701
3600
3174
52
9481
3077
3928
8947
1424
1937
5686
530
2476
9464
8712
1219
9713
9879
3460
326
6012
2169
7795
3929
7615
8673
8285
6166
7101
6540
5670
8615
7972
8651
1609
4983
9240
207
6053
8653
5642
2761
9941
7394
9728
9740
5659
5486
3593
3827
9455
3706
7160
4409
9175
5959
7831
9335
5105
9497
1421
3629
5034
7327
1420
8800
2660
85
1236
5798
3539
5638
9009
6381
7293
2375
9290
2950
5438
7196
5057
2639
7450
634
8158
3198
1211
3170
9449
407
9819
71
4655
4012
4276
85
1785
3755
48
5158
3594
8473
9832
3528
8541
5717
8821
9009
3625
3918
3731
8109
2351
4102
3393
2236
5648
2502
7524
8526
5656
5997
3982
8096
6482
6576
909
1077
9103
3857
8101
7359
6835
8421
9457
3474
4022
689
8508
7170
4826
2019
4642
4614
2210
9222
5084
3938
8042
7757
3124
6101
3114
1024
7494
1879
6697
3620
2660
3435
9241
2279
4800
2002
2896
9230
2953
5253
3078
5473
4659
257
8809
7676
7110
1035
5542
1314
8790
9597
9490
5083
7328
6170
5118
5143
4018
2316
2332
807
238
835
7041
3314
3033
2275
7670
6471
2608
9841
6147
2875
950
8628
4429
822
4723
8682
510
8859
6718
529
2877
8419
9121
9886
8872
5697
3062
5493
4451
5549
8531
3910
2870
5891
9553
235
5220
1979
6292
1623
3078
4618
3586
7727
7377
9294
3608
6241
96
5663
9927
5952
2777
8977
2182
5735
4642
1107
5839
2954
3847
3323
7186
8348
1010
2847
5957
2583
8884
9200
7064
801
2011
6246
8634
2703
2641
2530
2132
8921
8639
1671
591
6852
8347
7521
1145
5716
1821
9938
5136
4027
1212
4830
3003
908
7012
9006
3252
3387
7864
7033
564
247
411
886
9096
8423
8811
957
2041
8758
3409
9887
5493
9583
5146
9566
9357
8446
6611
3264
1909
293
1238
5569
9016
7722
2663
9203
8632
4324
3963
9567
2830
4113
3667
7947
9531
8994
2179
7789
2776
9170
168
3155
5469
1647
9946
7683
8852
2107
4068
9420
5597
4055
8520
1340
2591
8399
5599
4460
2540
127
5884
2656
9351
3546
700
2239
196
9361
9078
2266
9422
3608
4496
6002
9885
5574
8546
7174
1101
535
6356
7740
1922
674
2539
8066
2221
2763
4891
4266
7189
6983
6077
3831
7746
1220
1194
9070
9035
9254
2540
5436
1317
6234
6016
3978
9417
1586
1408
3499
3517
3632
4374
3831
7255
239
6153
6483
7072
5586
6486
9447
9414
8115
9638
2647
891
1610
955
5964
8415
4049
6350
5504
2576
7612
4860
4461
8004
847
5588
5733
6413
7244
1665
6203
6251
437
6218
7464
4024
127
4579
9455
7718
5746
9421
9670
9700
5723
1442
3472
923
8463
9889
7540
9124
6907
8324
3905
1095
4762
6409
3777
3505
4197
6259
8767
2848
1030
7335
8472
5880
7742
7424
970
8512
5686
732
1108
6021
7239
4789
1101
6327
4130
5888
9026
4089
5295
5137
9546
3993
4472
2933
7423
4246
4628
5616
8719
2567
9804
2833
5073
3966
3228
8207
9521
966
6680
6351
6520
2194
2611
8655
6351
1242
9006
4377
2413
2935
4458
1641
4952
8143
6909
3679
5035
7415
4850
5499
3035
760
4325
3838
2972
8503
311
7696
1452
773
5263
7401
966
8587
7714
777
2900
4065
2976
9502
5988
6168
1840
2514
7601
9003
8495
6117
5207
7036
3151
4926
6511
3575
8316
3817
302
5738
8869
4522
2979
530
5476
2987
9474
7038
4161
5403
5510
4002
3481
4390
3050
3851
5406
8176
5038
8511
9822
6754
6827
3932
7113
3327
2004
9274
8986
694
1484
3232
4946
4746
1718
7810
2416
9625
5409
8836
6106
5824
9216
7630
4693
5695
4466
702
6584
6419
29
3500
1542
9187
7931
5244
93
2425
5343
9490
8005
8905
1334
80
7800
5619
8350
4307
9824
6315
8872
4730
6931
3370
8318
1462
4991
1330
645
2592
1620
9215
3628
7693
5319
1059
7545
2591
520
7243
6411
1352
540
7704
4675
4397
1855
6779
6870
2413
5171
2374
7695
6188
1684
2687
8900
6637
203
1014
6552
5911
2377
5410
5173
838
4193
8133
913
2459
4598
5579
9544
4058
5641
1269
9169
7172
5697
1741
7794
8549
6438
8903
393
9130
2723
6895
4620
8749
2314
2603
7325
926
4392
2211
9277
5302
742
6558
5330
4851
6089
5043
1157
3683
2548
3135
4188
5174
6542
3877
9385
240
8070
1446
851
6886
5642
6884
9150
8995
1460
1662
7305
9054
4759
8779
4376
923
5237
8596
534
5489
5417
283
442
5731
4215
8105
9590
8324
4725
5924
982
8443
6208
1257
3571
6444
7401
4171
9799
9431
1127
404
1703
4603
5366
2253
4441
3852
2771
991
27
2044
9586
4636
5412
2664
3984
562
2711
4579
4673
4540
6133
7588
4667
7355
3074
1386
7570
6015
4434
2143
7031
7172
6894
1039
4627
2675
7114
2383
9415
466
2382
22
7161
6567
8104
4184
8588
6094
7973
7928
3072
5456
9338
9021
9559
617
3988
6300
7113
9722
2767
4380
8880
386
3196
7052
4690
5159
4570
3635
5233
4270
5706
4214
7568
6842
8569
1177
7325
9504
4736
7832
6794
5870
4319
1047
3772
1270
792
7636
2258
1999
7966
6905
5770
7967
9590
1313
4924
11
8583
2451
6775
5845
582
5562
3934
8492
7550
48
659
4237
8484
9274
8991
4673
4648
597
7602
9102
6349
8280
8979
9342
6580
7226
6896
5148
377
8451
8805
2004
7869
2726
3891
1971
2402
1976
8416
2613
8269
2809
9298
5321
9057
7646
8967
5409
5080
6333
7403
9343
3431
9924
1517
46
1934
8447
1581
2396
347
7155
8487
1052
404
1012
2333
5633
9440
7425
8664
8899
8087
3920
3440
1972
5387
3697
4442
1962
3274
5752
6829
2276
933
377
9154
2294
8609
8260
2223
4470
5135
481
4482
2757
4132
5633
2606
1461
1786
3126
718
8701
263
8059
600
8432
5635
9885
593
8252
8895
6710
3854
9692
659
9961
2050
8732
4429
789
8683
1452
205
7955
2895
6470
8758
6301
1387
5997
3299
8553
8569
3670
5885
7617
1785
3615
5229
556
1737
7805
3375
5523
5350
5692
5158
2055
6449
2163
4776
9946
5362
4818
9418
6110
2786
8327
4369
1483
6888
848
9222
4915
4530
1214
8112
7478
3343
2238
5599
8971
4004
2379
2954
7994
2348
2757
7514
4541
1004
9327
926
2519
4672
2921
7280
2473
2918
4815
6578
9092
2943
5198
1944
4604
9564
7811
5939
5908
4401
5116
1631
4911
5929
8948
5648
2858
2829
5176
4917
6883
7223
5110
2461
2815
5744
7185
6828
1429
7652
9678
2155
4243
2570
1660
6106
625
9667
3558
2359
5030
6672
878
4177
2927
1999
5218
2895
5303
1480
666
807
608
6036
2004
5707
9016
3530
9243
1997
3802
7739
4394
643
2355
8119
1012
2865
2258
4031
1296
6118
4497
3384
8608
1934
7747
811
2484
2244
1972
7752
2665
6491
5780
1431
5824
2000
6072
2813
4570
681
9923
4868
1202
5062
4733
6689
1822
9050
3123
4545
7415
4410
8374
3089
956
1186
9896
4534
551
2565
9377
2657
215
306
824
8265
7878
1564
5911
8264
9133
3091
5367
1227
2142
8502
861
6915
4256
8855
4283
7008
2338
1692
4578
6782
9329
2830
1365
4882
9983
4689
5197
6700
9509
2371
7373
6274
142
8834
397
8831
9067
7301
4590
682
1629
1347
679
6258
2584
5142
6033
46
8030
8562
8256
3009
9017
6469
57
4293
6967
4152
7275
6214
7856
1268
1200
8405
7954
5200
5682
2553
2811
5026
791
6885
3305
1231
4920
567
6310
4567
3743
6468
2689
3770
169
1157
9772
2686
1733
4933
3241
6310
8112
3834
8151
9382
588
7005
925
5513
271
2309
3217
6085
2406
3521
2880
6385
9090
3947
3281
7824
489
927
5619
9591
9595
7063
175
9242
3045
7614
9845
3467
8030
3033
2740
1821
2953
3448
9205
2745
8375
3522
4193
6107
5902
2228
9653
9301
6206
2669
6076
7224
2513
4832
5253
2765
9568
3857
197
9993
286
2694
9793
1885
7919
7421
9992
4585
885
2699
4621
6629
7712
1470
4829
316
2451
827
1770
3400
3364
9643
7366
9726
1612
6397
785
3378
8434
9905
4072
4939
6931
5540
1661
9012
1242
4232
6263
8738
6391
9986
6882
3785
7368
2539
4560
3422
7649
2964
7366
2438
2637
7343
8492
8972
4528
3156
4242
4063
8867
7028
8693
1573
5793
2498
6473
9848
9539
1533
3210
501
5381
3044
6159
5916
1478
8458
3712
4621
2229
836
9284
3068
5865
1850
9107
2300
8748
1137
7078
1026
7194
7131
5736
3966
45
4469
9836
6584
8962
4593
579
4277
1031
8993
6635
2624
4226
3634
9672
5321
8265
3468
4580
7208
9660
7791
7309
2628
6620
3123
4344
4683
7237
715
6668
9243
4266
1832
4525
1119
1898
683
5344
7927
2322
1888
9673
1136
1510
4478
8794
1218
3318
6119
9436
3126
7010
4950
2366
1368
2074
5803
484
9288
7725
5512
8151
2506
5453
9631
2299
3199
820
9545
5565
9000
3342
6699
4098
2084
7752
4834
4637
5843
9452
863
300
2684
7722
6695
8243
4746
4689
976
6473
3909
6038
3935
9066
5216
4007
3606
2903
2
7102
2963
7626
3368
7260
3609
1057
6229
3943
2733
5074
458
1314
4209
245
2815
9918
5519
5802
5302
7915
9484
3322
2379
3520
6101
7478
9143
5982
6107
9729
7457
3303
2183
1495
254
8401
6437
4658
4900
2549
7461
9048
984
5644
4154
1295
531
4092
4385
3736
3389
1355
1844
8295
5592
1705
9017
1581
2591
1594
6684
2449
636
5945
5120
3381
7125
8408
7864
8563
8954
6428
5212
1645
5744
7726
736
2474
1271
4869
2878
498
5426
5755
6532
5437
8495
5694
7930
6250
726
7197
346
4753
633
2785
9377
1978
2424
549
7498
9759
1792
5085
9549
7798
3384
1357
4413
1123
6133
8449
7103
1461
8752
7645
8188
6820
7358
6100
3254
5756
7290
2221
7880
2780
7685
9801
7538
9649
5137
2859
8693
317
1172
6324
6731
4520
5605
3532
1306
8281
5460
9777
86
5393
9374
9061
1587
7382
844
9106
518
7074
3677
1096
5116
2139
7838
5992
2499
9006
2870
2393
1293
2873
9242
9942
9502
1741
6202
1974
9744
6648
9899
5925
3516
8909
4360
3103
3842
7920
2294
8737
2225
2285
8527
2931
2094
1592
1257
182
5352
3478
3062
9199
7665
9407
6571
1266
9927
1692
1566
6729
224
778
5174
3237
9782
9090
5463
8953
5606
7688
7155
5059
8045
6518
6305
8837
5411
2546
4332
2855
1304
1168
6787
3278
9263
9067
9720
5360
3239
2076
8723
3937
8597
1787
4103
1330
5417
8700
8853
2905
618
6443
1259
7257
6416
7359
8984
8637
4330
4953
1009
3399
3716
1721
5631
6089
5990
7708
4571
3213
4761
7697
5383
5680
976
5431
9080
8453
2080
136
8916
2358
1599
6545
2741
9453
2670
6259
4275
6131
1277
9854
8657
4033
8437
520
1641
5909
5125
1143
8778
685
3791
1836
7825
1120
9891
1930
6772
2441
7763
6135
9548
7933
5558
9879
7604
2522
6377
8769
8162
5902
2427
1662
3511
3374
5413
4209
1073
2459
5977
9748
3974
8025
7387
4239
8540
3929
3595
9977
2572
9882
9379
1421
5262
6089
7298
3315
107
6046
1172
709
8591
52
3002
8527
6203
5144
7970
7262
4840
3340
2722
2794
6609
9246
6992
6729
8481
8934
2432
3925
1215
6139
4629
6727
8020
2778
29
8943
6251
8624
1580
4796
513
6111
3846
7856
8002
1407
4927
3558
7131
2557
5839
1355
7853
7068
1606
2063
3329
1485
5372
1681
3999
468
3762
3559
7609
205
807
8621
9746
5847
4502
3323
4301
8348
2084
1822
8423
7528
2317
6043
5320
6119
5304
5732
9805
9173
3442
4597
3778
5620
8522
1327
9658
80
6251
7392
954
3324
3264
3421
2119
9422
1221
5456
2583
5264
4062
9941
8250
2923
2628
6066
3236
4198
711
5770
5626
9200
5989
2248
7142
2608
8891
7835
9655
9675
7998
9091
1670
171
16
4646
1784
435
6579
8190
6724
3699
8664
7708
1124
7734
9918
8656
8362
5550
7247
6992
197
170
2453
6884
4547
1481
4687
8412
1278
8578
1722
5624
295
6103
3118
4534
6799
2550
8795
5066
4314
7231
9459
1795
105
1495
2387
8027
1604
614
8031
4018
8462
6566
5201
9827
7067
8777
9360
9203
7991
7131
9565
6707
2827
6714
6793
6291
550
7372
2867
6295
388
4105
451
9031
401
7329
2862
6800
8363
1374
3296
3106
3167
320
5500
4084
4564
9679
1603
8985
2059
2377
4583
7175
7950
4654
5745
1017
5639
8105
6502
8316
4071
698
8509
7451
9034
5158
2762
7898
9734
6492
4236
1386
8881
9750
8827
2849
5476
8028
4983
8345
6073
7594
9215
1355
9298
1098
5305
9582
2837
4304
1990
6279
4232
9505
8918
3584
772
7462
1819
464
7649
1096
1284
2240
6295
4025
7329
5735
7080
6812
2134
8492
5019
8932
7013
5729
781
2760
7035
9275
4243
682
4500
2040
5144
8570
4344
1620
5658
2512
2725
9110
9456
8518
6980
2576
5336
2382
526
5339
5618
3953
522
9834
6153
6928
9266
6538
2198
3259
4694
5217
8967
679
2122
3708
7327
3505
2959
4942
367
7267
955
6007
4644
3276
8529
7886
3883
5851
3640
8664
7317
7913
9371
7760
1089
8796
5134
6221
6113
5072
6602
8210
1417
4318
3589
8275
2662
8477
5255
9210
6400
7549
1380
6755
8694
1710
280
5315
2028
5928
6807
6487
791
9292
9325
4614
3552
6279
7952
4524
831
1939
3124
1605
3046
7100
5111
9389
3653
5459
6294
9574
2516
1750
6890
8728
2698
3822
7301
6848
5976
6122
407
6813
6289
152
6238
9511
7481
2687
953
715
6293
7123
9849
1233
2230
5150
2055
6183
1675
2853
1041
5955
9441
5724
8776
2875
884
4726
526
8692
3713
1020
5998
6058
1449
2220
5595
3945
3288
7039
2008
3552
3274
2122
4372
2396
1294
585
826
5173
9055
9526
5435
3103
3812
9268
8510
9137
9037
1610
929
6725
9544
337
7461
3218
2281
9416
3951
6947
3309
3989
5251
4678
1406
2705
4919
9183
9797
8553
5467
1510
4420
2555
5877
3847
8360
7172
9407
7365
920
3090
3610
3419
7448
4975
4267
7851
4331
3321
6018
491
5410
770
4624
1941
1261
9903
5893
7721
8427
7216
8902
8926
8800
7922
7095
3954
9332
9993
1280
2498
5933
180
5997
4840
2678
1061
7430
5757
3213
5544
8748
6171
2371
8600
2670
9203
6313
8892
8430
2917
6108
6210
980
3356
1597
1334
6429
9135
3861
7847
3015
972
8893
2059
9492
3759
3477
3843
9275
4549
1036
4861
7792
4030
7400
9905
2903
6258
786
6597
8993
6437
1880
6607
9173
6501
2568
4607
9290
6536
7934
4813
6595
5721
5903
7810
3883
1155
8413
7084
4373
7760
7993
2852
2365
8484
5976
649
9298
1590
5271
5834
8810
468
8074
1240
5129
6299
6535
8129
1223
4334
1381
3168
6413
3804
3354
6754
3152
9353
7191
2499
6047
2675
5261
1661
3859
5310
3565
4820
2568
159
3362
4589
7394
6701
9294
3698
8229
3757
595
1257
8498
4511
8066
291
8206
6319
5724
8235
5590
2018
6587
962
1833
2506
9204
6745
1400
8808
7824
8067
3386
7739
846
1630
8792
8378
8326
713
8102
5082
6345
2844
5299
9230
8076
6096
4063
7427
1606
9406
8866
3921
2045
3426
6557
7209
938
4142
4074
7204
5856
6777
5712
1896
2337
1319
2672
1624
4075
463
537
5764
3993
191
9258
1362
8410
1076
1112
3573
5147
3068
9950
9123
8666
7012
397
4846
9837
3583
8534
8608
8038
3420
558
5282
4378
6521
6685
1019
6614
1308
8948
5582
4300
3312
1141
9037
3581
951
8807
1081
3826
5952
1819
4241
2274
3941
6425
1835
7235
8224
9441
1133
7079
9339
3926
3057
4784
5438
6448
3234
2930
7013
4721
6253
39
7770
2201
9126
7665
9956
5713
6939
5617
4792
8803
2371
5840
92
7056
5062
278
9610
2093
553
2429
3345
3746
1522
6496
9388
5917
477
3802
5810
5310
7306
2040
735
9742
8580
881
8369
5977
8989
9556
5930
3567
352
8906
6446
5564
7451
9574
5462
6631
2596
7365
98
532
2699
7449
1147
478
8410
5804
3822
2082
7242
5824
219
4145
2194
8416
46
6884
243
7159
749
4739
2399
7073
1904
2257
5147
4219
80
8995
9023
2051
2741
7899
810
7891
663
6514
2875
9183
726
9544
644
1427
7759
7197
9117
870
7824
9507
4999
1005
8574
8979
4453
3898
7863
6022
3511
8342
8851
6228
9283
150
2224
4479
294
9796
37
6345
499
4025
4598
1860
7210
1656
1728
1049
8843
7319
975
5974
6817
577
6032
542
7163
2955
9284
2430
4251
2416
1567
5512
1087
4700
3600
7316
7446
4535
9421
781
5717
9001
8344
1667
2075
7810
116
2483
5690
3592
1815
5560
29
7615
2470
3971
6219
1725
2732
4921
7001
5359
8144
3733
3475
4709
9420
1964
3295
6877
4679
8524
5808
4954
876
9786
6953
2870
5492
1020
4285
7981
6419
4128
6746
8021
210
9700
3920
59
6486
2461
7656
9173
686
5731
7749
8586
3143
1817
6123
9086
2758
254
6335
1782
7862
2181
3189
9553
4877
1236
9060
1985
7866
8393
2880
3190
6956
9080
1425
2508
2618
1585
3076
5495
6298
3650
5881
3210
78
8749
892
1426
8247
7614
3424
3906
4640
4310
5280
7061
8904
5288
6354
9477
9846
8900
3929
5925
8209
3490
7022
8310
5444
6681
4488
2886
4145
9350
6668
7157
4255
6024
98
5448
4071
7333
2109
5429
913
6781
192
7574
3961
7134
3418
2950
8989
5995
9331
5710
2569
2457
3982
2708
9867
9432
2035
954
5281
2098
1816
1961
282
1958
482
8151
9737
3981
3503
8164
7159
3608
8710
7314
6157
6650
2185
910
7721
1964
1274
7228
3673
5927
7462
8166
1809
3174
9263
4108
1877
21
7057
7904
5598
1596
5768
8208
6771
6782
7365
2127
3449
5966
3786
8717
6248
195
1767
4463
5714
9116
371
8801
6076
9384
3322
5522
6053
6684
8022
6386
266
4664
7293
5914
9950
4203
160
415
3965
773
1169
7289
2533
786
7592
6515
2783
1423
7096
9329
6966
3782
6707
5414
6414
6703
3887
5703
4387
1572
1544
3086
8829
9954
4021
6067
3569
8535
1040
5827
4771
9845
9947
1185
1831
1927
229
1506
4998
8293
7704
9864
2162
9660
7170
3288
3750
2441
7601
8896
1908
3201
36
8561
6373
7858
2603
9505
6763
338
2951
5515
5886
3596
2729
8168
929
9863
7012
8129
6853
9900
6
5318
5797
589
53
3072
2023
4741
9851
4729
6088
5322
2460
5363
4720
5927
6745
1572
736
2652
5227
4753
8974
3306
3848
5803
8946
8156
135
8643
3412
5066
4736
5733
3350
8097
6930
2044
8171
3974
8837
9615
7268
221
9616
7504
2220
3699
1379
5767
6239
9746
5334
7134
7070
8579
9585
901
6712
6809
1865
1161
8233
8022
353
7497
1117
4585
9997
9473
6594
993
9569
2397
8984
2598
9426
7429
964
9687
3695
1717
544
7263
954
9297
4138
3245
5510
4944
9684
4170
6621
5978
9058
1363
275
830
6011
1206
9085
5926
9845
8470
4251
514
4449
3551
2028
3848
8918
5627
5364
8278
5546
9180
7967
4445
5065
5931
2448
2138
9572
4885
4536
9867
6942
4356
9128
1199
9238
6205
1680
9510
1499
269
6136
804
4245
5957
7807
8943
2953
4243
3224
8937
9569
9492
3339
8796
2144
9871
3704
5391
4033
9765
9658
5105
7972
9783
5866
714
1755
6007
4960
4159
6668
7666
601
2474
4148
9108
9325
7652
7397
8547
9460
8309
4362
924
406
2170
2056
5358
5370
9471
4843
2618
1343
7560
9906
6926
4097
9720
4967
21
6889
1909
9653
3564
9140
8622
1469
9471
3203
4735
1391
2359
9396
1594
589
3702
2851
6017
6496
530
3937
7062
8548
6882
7433
5850
3460
4814
1207
3100
122
7359
5528
6308
6414
3582
6665
471
2367
8739
695
3006
6860
6638
184
528
4634
6435
4362
4522
5645
2145
1210
5174
1207
1659
9627
2028
7983
5582
9097
2362
1083
3953
3615
9641
6764
7279
4417
8360
7415
4432
3292
5814
9155
1746
157
7010
8000
8044
4911
542
1553
911
722
5721
4249
3262
9589
8893
3941
589
9386
5104
3492
5663
8933
5290
8999
9064
3225
9865
2570
8332
6109
8405
2674
7465
3840
9095
1588
9595
4810
2264
2903
2427
1629
9824
9204
6827
6612
221
9464
8766
7404
2425
5525
8434
4868
6535
8021
4447
6609
5571
5367
4220
4115
8680
5431
2029
3556
2217
6487
6382
3384
2004
6443
2862
1600
9869
4243
512
4688
7168
5280
7208
9727
7415
106
7374
8459
8925
1330
2320
2787
1654
6140
8596
9815
3597
8007
9637
7476
5030
8622
8936
1409
9216
4712
5586
8211
8676
1519
4900
9807
2088
1514
1618
1672
4211
8418
9309
2886
3265
2041
8210
9424
9645
1793
7922
707
2184
9527
2087
3383
340
4373
5506
2974
1124
2180
4761
474
8479
3742
4926
5890
6402
4679
6165
353
5067
7151
3343
3527
3482
751
6510
809
6521
5408
2328
8005
9346
9037
5402
2043
1417
8741
7933
2720
3229
7955
8698
3932
8689
3265
4867
8840
1263
6971
7681
2373
5141
6865
6511
7836
1432
2939
1742
2394
2723
91
6345
7084
2386
8213
8624
3385
9426
2194
2334
7271
6078
2862
8954
7153
6881
174
2116
9960
8332
7461
9224
2768
3443
912
1494
2379
6974
1199
839
8306
1797
6754
7653
8477
101
2874
6147
2236
9906
3618
8974
7487
955
9950
9790
6799
8597
8087
638
3364
3176
2375
9770
9081
2027
3208
1836
8039
7638
6351
2638
620
3445
2701
6335
512
9209
1173
5075
337
1851
2366
1303
6567
1824
2582
6460
9872
8133
4574
6527
3256
5384
4900
4934
4642
7619
3220
7526
5548
3833
5886
3266
5065
8687
9038
4618
6132
9020
4381
5762
839
3879
3097
3370
2494
8855
5553
7605
2940
7601
5645
9234
5400
6803
8458
2527
3283
9673
7139
339
6746
7798
5728
4299
7625
878
8127
7403
1565
691
3075
771
3715
5916
9653
2254
8829
2749
2652
1866
1896
3268
674
1869
4829
261
409
8099
3376
8370
2549
5951
2678
6132
7210
4500
8308
7605
2259
4528
7461
2524
2899
8863
7340
2501
9474
1392
5127
8429
4641
1509
5649
8399
9107
2837
468
7178
3212
8250
7064
9076
3447
7667
7346
1962
8629
7395
2496
9443
1845
9285
4181
6119
483
9344
9369
7327
9277
3647
496
518
8621
166
1992
4402
1792
4927
9739
1667
7287
1599
5179
5702
7345
4133
5112
8128
5941
2099
8837
4069
4984
844
4615
2902
8532
4558
1426
1558
1061
6370
8958
6375
9855
1493
975
1878
6615
3175
791
7733
9413
6080
8810
8957
6526
7728
1461
1237
8742
6103
7276
6737
6182
2857
3602
992
3582
8652
8029
2952
5326
1370
711
4844
8879
5523
699
1330
4722
2824
9477
7788
1251
974
8067
9904
2051
7186
6303
9944
7154
151
5237
5555
1383
2777
9688
8893
8324
7278
7339
3825
9902
1061
6710
4492
3316
7246
4695
8571
1953
4662
6588
8834
3745
2189
5804
9477
5188
9112
9642
1060
2387
2633
4693
5988
3523
554
683
2077
4009
9059
3182
6126
4053
9857
1432
405
3184
4127
6051
1945
3225
7737
2642
656
4305
5410
1635
2962
7740
6272
9554
2936
8618
3446
4157
2596
5320
3893
6482
6888
980
7232
4659
3568
5710
5559
2553
4846
4244
4851
4959
6818
473
8693
8704
4567
8740
3003
2576
6588
9694
8691
3442
7939
79
7175
9289
2311
6892
8168
3717
3044
9000
5632
3268
3063
1621
6814
4002
1762
2067
5316
5690
588
4004
1755
8418
2394
734
5291
2374
8532
8083
2671
9523
6151
7389
8519
3824
5912
9201
8054
3394
2275
3177
4438
9051
8836
7402
4125
8376
1450
8197
1530
6986
4124
4755
1767
8791
3275
9911
428
476
6569
2220
1317
9026
7096
3333
7115
9929
2617
757
9387
4889
4939
2757
1700
9911
7260
405
9178
310
3164
2339
2262
1217
1951
7529
2173
6181
2633
7373
3270
2328
42
7575
692
7092
2312
7408
3392
8057
2639
7439
9782
4909
2412
5806
3867
9209
9934
4457
8928
5513
4422
9354
8628
5636
9924
5989
842
9750
554
7285
3205
3684
4593
6499
9302
7479
3911
4212
7532
4348
1947
1694
6084
6401
5504
6180
8604
6255
7513
7831
2571
5141
1354
8815
6862
5380
9674
3548
4667
4004
6696
4158
6259
4334
3061
9214
2340
7168
6803
5477
2859
8572
6349
4214
5171
3153
4969
8905
715
8263
302
6931
887
1618
9006
6743
3608
977
5172
3272
4588
7068
3453
8222
1281
7647
4265
1300
7454
8674
7018
4168
1764
6869
9640
3423
2940
4597
8192
5034
6154
2977
7726
8717
6522
2869
5881
2004
4532
1410
2712
5927
4331
8983
9526
5124
4492
7564
7341
5737
4095
9996
7363
4982
3526
920
2415
2780
1031
6712
894
9242
239
5114
7209
6035
1793
1769
3808
5612
9062
1100
5414
4412
7474
3655
3919
2959
5956
4154
3546
2194
3407
4233
7225
5264
8344
3957
1880
9117
7338
6494
8058
2360
9303
6542
3707
5399
5818
6414
4704
7898
7893
7209
7710
1939
2224
501
8961
1373
896
7646
8227
6942
5476
979
632
2312
3729
3122
5121
3987
9611
2777
4364
3262
1860
6808
4707
1927
352
6029
4759
3160
5249
1352
3027
4350
5192
8430
1860
4213
9036
1739
7005
8299
3570
2147
9358
9601
5368
4496
9499
2265
8528
9149
7538
968
5731
2886
589
2514
9036
4879
5644
2855
7299
5908
2650
3816
6302
7308
5890
9168
5002
7631
7757
8833
5675
8562
4799
7352
7824
5100
2726
7487
3361
4788
8662
5850
6840
3159
6651
7482
2836
1190
2947
3909
6082
2766
8060
9532
952
980
3229
9722
895
1860
1807
142
562
1499
8714
6831
3512
3097
2782
9130
3643
1483
1022
4167
1350
2080
374
6059
7666
5301
2025
4365
8704
9726
7387
9697
1864
9237
6655
8015
3722
6230
3082
503
4739
760
9001
4441
7751
9690
5753
3516
9551
5429
4151
6804
8953
1132
4645
7393
8587
7335
103
6502
9495
1208
1440
5523
2779
1753
9086
9887
2328
8197
9753
9037
2378
3005
5080
6188
5183
2347
6937
3351
6734
2048
839
5728
4599
1570
1809
9144
3959
3922
4910
8377
2650
8605
9440
6810
9010
8463
8969
3788
2686
2314
9695
7536
9813
3876
3500
7298
232
44
7975
2327
3574
3555
9652
8479
2773
9074
7927
9743
2270
3936
9495
4263
5126
9522
9846
2856
6647
9796
2187
6992
1140
8416
3894
3215
8221
2436
5629
6482
1946
7182
8083
1273
315
438
9727
6888
4472
9004
6649
4548
4059
3879
2798
783
4267
8227
522
5144
5762
6140
5951
7928
6656
9951
4633
2406
1843
5396
1410
8946
5480
2561
1136
8105
6628
8202
154
5170
203
3715
5890
1678
2402
1623
4784
1217
7847
9209
4428
3633
9920
2509
5251
7872
1000
8325
3429
705
5407
2142
8219
9173
3465
9219
3293
